M,0.814433,[[0. 1.]]
XOM,0.7989691,[[0. 1.]]
MCR,0.8582474,[[2.6665272e-24 1.0000000e+00]]
PFL,0.82548475,[[6.3470773e-10 1.0000000e+00]]
HR,0.8041237,[[0. 1.]]
ESL,0.83247423,[[4.6293516e-16 1.0000000e+00]]
UMH,0.82474226,[[3.8406967e-22 1.0000000e+00]]
BRO,0.8015464,[[1.4709617e-25 1.0000000e+00]]
NEM,0.80927837,[[0. 1.]]
TPZ,0.8443396,[[9.0321024e-05 9.9990964e-01]]
FRT,0.8427835,[[7.8092562e-06 9.9999213e-01]]
SBH,0.82857144,[[0. 1.]]
TLP,0.79810727,[[1.6966695e-08 1.0000000e+00]]
JOF,0.82216495,[[0.13006428 0.86993575]]
WTI,0.797546,[[0. 1.]]
AET,0.82474226,[[0. 1.]]
GEO,0.8170103,[[5.346796e-32 1.000000e+00]]
IX,0.8170103,[[1.2163362e-05 9.9998784e-01]]
D,0.81958765,[[0. 1.]]
MPW,0.8312102,[[0. 1.]]
JEF,0.82731956,[[0. 1.]]
AXP,0.8298969,[[0. 1.]]
NEV,0.85096157,[[0.04274841 0.95725155]]
HYB,0.83505154,[[0.00609765 0.9939023 ]]
DUK,0.8041237,[[0. 1.]]
MYN,0.86340207,[[0.1030752  0.89692485]]
CVI,0.8093385,[[0. 1.]]
AFL,0.8453608,[[0. 1.]]
RYN,0.83247423,[[0. 1.]]
VBF,0.8917526,[[0.02598563 0.97401434]]
HES,0.82474226,[[0. 1.]]
ABG,0.7963917,[[0. 1.]]
TGP,0.79310346,[[1.3217389e-33 1.0000000e+00]]
KEG,0.8402062,[[0.08811399 0.911886  ]]
INSI,0.9020619,[[1.03571326e-17 1.00000000e+00]]
CLDT,0.814433,[[0.11767349 0.8823265 ]]
TRI,0.80927837,[[0. 1.]]
EVRI,0.82200646,[[0. 1.]]
JTD,0.80754715,[[0.00345924 0.9965407 ]]
BBW,0.8493976,[[0.07695216 0.92304784]]
MA,0.80136985,[[0. 1.]]
UL,0.80927837,[[0. 1.]]
CKH,0.8220339,[[1.2839209e-10 1.0000000e+00]]
MCD,0.8453608,[[0. 1.]]
APF,0.8118557,[[0.07162141 0.9283786 ]]
NR,0.83247423,[[0. 1.]]
VRX,0.8170103,[[0. 1.]]
EME,0.8479381,[[0.44503576 0.5549642 ]]
TDY,0.7628866,[[0.00342267 0.9965773 ]]
UN,0.8015464,[[0. 1.]]
MTD,0.8041237,[[2.8015111e-30 1.0000000e+00]]
GUT,0.806701,[[0.00826059 0.9917394 ]]
GHL,0.8255814,[[2.80506e-16 1.00000e+00]]
BIG,0.82474226,[[0. 1.]]
CMS,0.814433,[[0. 1.]]
CIT,0.8226601,[[0. 1.]]
UTL,0.8298969,[[1.10502806e-04 9.99889493e-01]]
BXS,0.78092784,[[1.651996e-04 9.998348e-01]]
GXP,0.8170103,[[0.49405488 0.50594515]]
RRD,0.795053,[[0. 1.]]
MMT,0.8479381,[[4.733967e-23 1.000000e+00]]
UVE,0.8141264,[[1.6098517e-24 1.0000000e+00]]
HIL,0.82758623,[[4.371975e-17 1.000000e+00]]
FOR,0.81349206,[[1.5103199e-18 1.0000000e+00]]
AWR,0.8402062,[[1.6728845e-07 9.9999988e-01]]
WPP,0.8402062,[[1.139476e-13 1.000000e+00]]
HMC,0.8118557,[[4.0197534e-14 1.0000000e+00]]
CBD,0.806701,[[0. 1.]]
UNM,0.8041237,[[0. 1.]]
PRI,0.82051283,[[1.1876065e-07 9.9999988e-01]]
BDC,0.8118557,[[0. 1.]]
NHF,0.82758623,[[0. 1.]]
RE,0.8118557,[[4.8930787e-07 9.9999952e-01]]
NKG,0.8203125,[[8.6583575e-04 9.9913424e-01]]
EXG,0.8321168,[[0. 1.]]
FLC,0.8144044,[[0.08448981 0.91551024]]
AIZ,0.79714286,[[0. 1.]]
REN,0.85096157,[[0. 1.]]
AEP,0.7886598,[[0. 1.]]
TRP,0.78092784,[[0. 1.]]
ENLC,0.8011364,[[4.9695913e-20 1.0000000e+00]]
HRB,0.7989691,[[0. 1.]]
CUK,0.8402062,[[0. 1.]]
KR,0.8118557,[[0. 1.]]
BFK,0.82216495,[[1.4280995e-18 1.0000000e+00]]
TRTN,0.8538961,[[0.02856108 0.9714389 ]]
CIA,0.7938144,[[0.45407116 0.54592884]]
SCL,0.82474226,[[9.0518656e-18 1.0000000e+00]]
DX,0.7912371,[[0.40111586 0.59888417]]
HRL,0.82216495,[[0. 1.]]
WSM,0.8118557,[[0. 1.]]
FOE,0.78092784,[[0. 1.]]
HD,0.8170103,[[0. 1.]]
GGG,0.8453608,[[0. 1.]]
TS,0.8021108,[[2.6067745e-32 1.0000000e+00]]
OI,0.82731956,[[0. 1.]]
FHN,0.814433,[[0. 1.]]
AVD,0.7938144,[[9.197119e-06 9.999908e-01]]
DOV,0.82216495,[[9.741743e-16 1.000000e+00]]
HVT,0.8015464,[[0.00711781 0.99288213]]
PHG,0.8170103,[[0. 1.]]
EXR,0.7893175,[[0.01917677 0.98082316]]
IR,0.8170103,[[0. 1.]]
SNA,0.78350514,[[4.8348866e-25 1.0000000e+00]]
DO,0.8505155,[[0. 1.]]
IRET,0.82731956,[[0.00373582 0.99626416]]
TCP,0.82731956,[[0. 1.]]
SPXX,0.84590167,[[5.9989161e-06 9.9999404e-01]]
WPM,0.815873,[[0. 1.]]
SUI,0.7886598,[[2.2030683e-17 1.0000000e+00]]
AIG,0.8118557,[[0. 1.]]
ARGO,0.83505154,[[7.216537e-08 9.999999e-01]]
HSC,0.8041237,[[0. 1.]]
SEM,0.84615386,[[2.6023153e-08 1.0000000e+00]]
LEA,0.80487806,[[0. 1.]]
RLI,0.7938144,[[8.5543145e-13 1.0000000e+00]]
SKX,0.8015464,[[0. 1.]]
NJR,0.82216495,[[1.7071564e-21 1.0000000e+00]]
TPX,0.82436264,[[0. 1.]]
KTP,0.814433,[[2.0758083e-04 9.9979240e-01]]
VHI,0.8170103,[[0. 1.]]
AER,0.82857144,[[0. 1.]]
KEX,0.82216495,[[0. 1.]]
RNP,0.84153,[[2.3593302e-04 9.9976403e-01]]
WGL,0.83247423,[[2.240853e-33 1.000000e+00]]
HMN,0.8041237,[[0.0044865 0.9955135]]
CAH,0.8298969,[[0. 1.]]
SMP,0.8402062,[[2.0486498e-06 9.9999797e-01]]
CW,0.8427835,[[1.6212345e-09 1.0000000e+00]]
LPL,0.7905605,[[0. 1.]]
LCII,0.814433,[[2.2061852e-20 1.0000000e+00]]
RMT,0.8453608,[[0.39984825 0.6001518 ]]
CHH,0.8453608,[[2.8614834e-11 1.0000000e+00]]
PHD,0.847561,[[3.483086e-12 1.000000e+00]]
FF,0.85,[[0. 1.]]
TRK,0.7963917,[[3.318007e-10 1.000000e+00]]
LB,0.82731956,[[0. 1.]]
GCO,0.8041237,[[1.9532936e-16 1.0000000e+00]]
B,0.80927837,[[1.1629729e-12 1.0000000e+00]]
MSF,0.82731956,[[4.523304e-08 1.000000e+00]]
WAL,0.82539684,[[1.059328e-33 1.000000e+00]]
CRM,0.8005865,[[0. 1.]]
ORCL,0.8041237,[[0. 1.]]
ED,0.806701,[[0. 1.]]
EVT,0.7966574,[[5.5411556e-06 9.9999452e-01]]
CLF,0.8427835,[[0. 1.]]
MGM,0.82474226,[[0. 1.]]
HQH,0.82216495,[[9.5581636e-06 9.9999046e-01]]
MCA,0.8685567,[[8.179649e-17 1.000000e+00]]
SF,0.806701,[[0. 1.]]
NOC,0.8170103,[[0. 1.]]
EW,0.83505154,[[0. 1.]]
HSY,0.7886598,[[0. 1.]]
BANC,0.8062016,[[0. 1.]]
AJG,0.8015464,[[0. 1.]]
DDR,0.82731956,[[0. 1.]]
MHD,0.8453608,[[0.00650514 0.9934949 ]]
DEO,0.7963917,[[5.4595094e-19 1.0000000e+00]]
CB,0.8170103,[[0. 1.]]
DDT,0.8170103,[[8.2275532e-05 9.9991775e-01]]
PMT,0.8207547,[[8.0947328e-05 9.9991906e-01]]
MTG,0.82216495,[[0. 1.]]
TPR,0.806701,[[0. 1.]]
IP,0.77319586,[[0. 1.]]
SHO,0.82831323,[[0. 1.]]
EVR,0.82578397,[[4.490018e-17 1.000000e+00]]
NWN,0.8015464,[[1.5409595e-19 1.0000000e+00]]
NLS,0.7912371,[[1.120764e-36 1.000000e+00]]
WIA,0.8551532,[[2.5932291e-05 9.9997401e-01]]
BGY,0.8426966,[[6.1023340e-05 9.9993896e-01]]
PBR.A,0.7994429,[[0. 1.]]
MMS,0.7963917,[[1.0286244e-35 1.0000000e+00]]
FTI,0.82216495,[[0. 1.]]
NXQ,0.8453608,[[0.07027244 0.92972755]]
BX,0.83396226,[[0. 1.]]
MHI,0.8489011,[[0.15048617 0.8495139 ]]
MO,0.8298969,[[2.9486214e-21 1.0000000e+00]]
AED,0.8402062,[[3.0629039e-12 1.0000000e+00]]
HSEA,0.8148148,[[0.49918157 0.50081843]]
RDC,0.7371134,[[0. 1.]]
ASH,0.80927837,[[0. 1.]]
ACC,0.8189911,[[1.4399111e-06 9.9999857e-01]]
WMK,0.81958765,[[0. 1.]]
DSW,0.82539684,[[0. 1.]]
ASA,0.814433,[[3.515171e-14 1.000000e+00]]
AN,0.8118557,[[0. 1.]]
FT,0.814433,[[6.505971e-27 1.000000e+00]]
LL,0.87058824,[[1.1492644e-30 1.0000000e+00]]
GLP,0.81877023,[[2.7344e-09 1.0000e+00]]
NIM,0.8298969,[[1.7103941e-08 1.0000000e+00]]
TX,0.83666664,[[0.06533596 0.9346641 ]]
EEP,0.8118557,[[0. 1.]]
LAZ,0.84326017,[[0. 1.]]
TI,0.81958765,[[4.1255156e-14 1.0000000e+00]]
CBM,0.806701,[[1.7543569e-05 9.9998248e-01]]
BA,0.7963917,[[0. 1.]]
TOT,0.7963917,[[0. 1.]]
GEL,0.77835053,[[9.528943e-37 1.000000e+00]]
JHS,0.83505154,[[1.3068489e-25 1.0000000e+00]]
DDF,0.80927837,[[3.0694232e-09 1.0000000e+00]]
CZZ,0.8084291,[[0. 1.]]
UAL,0.8,[[0. 1.]]
EXC,0.82216495,[[0. 1.]]
MDP,0.82216495,[[0. 1.]]
UPS,0.806701,[[0. 1.]]
MTB,0.86082476,[[0. 1.]]
CRK,0.83505154,[[8.5568054e-18 1.0000000e+00]]
AWK,0.84836066,[[0. 1.]]
ATGE,0.8298969,[[9.965500e-08 9.999999e-01]]
AES,0.82474226,[[0. 1.]]
NSL,0.814433,[[5.8005935e-17 1.0000000e+00]]
HON,0.8402062,[[0. 1.]]
RDS.A,0.84713376,[[0. 1.]]
HAL,0.83505154,[[0. 1.]]
AXE,0.82216495,[[1.4611014e-26 1.0000000e+00]]
WTW,0.81958765,[[0. 1.]]
COL,0.78608245,[[0. 1.]]
IT,0.7963917,[[2.9818216e-20 1.0000000e+00]]
AHL,0.799435,[[9.1081537e-10 1.0000000e+00]]
NAZ,0.82216495,[[2.0200903e-04 9.9979800e-01]]
NRP,0.8302872,[[1.9377390e-05 9.9998057e-01]]
DNB,0.82731956,[[0.00101496 0.998985  ]]
MTH,0.8298969,[[9.271923e-04 9.990728e-01]]
ALEX,0.82216495,[[5.0044267e-19 1.0000000e+00]]
ALL,0.83247423,[[0. 1.]]
FIX,0.82474226,[[2.1030376e-20 1.0000000e+00]]
KND,0.814433,[[2.5706813e-13 1.0000000e+00]]
DIS,0.8298969,[[0. 1.]]
AGD,0.8125,[[4.1772646e-04 9.9958223e-01]]
WU,0.8056537,[[0. 1.]]
AGCO,0.78092784,[[0. 1.]]
PRGO,0.7989691,[[0. 1.]]
PGR,0.8402062,[[0. 1.]]
PTY,0.83597887,[[0. 1.]]
SSW,0.82371795,[[0. 1.]]
DHR,0.814433,[[0. 1.]]
E,0.8442029,[[8.086975e-32 1.000000e+00]]
MUI,0.8347107,[[1.3731825e-30 1.0000000e+00]]
MAN,0.80927837,[[8.060857e-32 1.000000e+00]]
CHU,0.82474226,[[0.03718568 0.9628143 ]]
FMS,0.78608245,[[4.3787473e-19 1.0000000e+00]]
VLT,0.82216495,[[1.3070127e-07 9.9999988e-01]]
CLR,0.8022388,[[0. 1.]]
DBD,0.7886598,[[0. 1.]]
AWF,0.82216495,[[0.00349403 0.996506  ]]
JMP,0.8171642,[[0.34720406 0.6527959 ]]
TRC,0.814433,[[5.803541e-23 1.000000e+00]]
AZO,0.7938144,[[2.644167e-20 1.000000e+00]]
THC,0.8170103,[[0. 1.]]
LLY,0.8118557,[[0. 1.]]
CRH,0.83247423,[[7.102213e-24 1.000000e+00]]
ASGN,0.80927837,[[3.489597e-04 9.996511e-01]]
TY,0.8530928,[[3.163187e-09 1.000000e+00]]
IRL,0.8041237,[[0.02715996 0.97284   ]]
SYY,0.8118557,[[0. 1.]]
VG,0.80136985,[[0. 1.]]
PII,0.814433,[[0. 1.]]
BTO,0.814433,[[0.21817379 0.7818262 ]]
PFO,0.8041237,[[3.1170453e-04 9.9968827e-01]]
PEB,0.8522167,[[2.8500044e-24 1.0000000e+00]]
BLX,0.82474226,[[2.8231245e-10 1.0000000e+00]]
TSS,0.8118557,[[0. 1.]]
BGR,0.8292683,[[2.3173218e-15 1.0000000e+00]]
GBX,0.82731956,[[2.373430e-06 9.999976e-01]]
T,0.8505155,[[0. 1.]]
EIX,0.814433,[[7.477365e-12 1.000000e+00]]
NVS,0.7938144,[[0. 1.]]
GOF,0.8060837,[[1.7276635e-19 1.0000000e+00]]
JTA,0.8632479,[[1.2372966e-07 9.9999988e-01]]
ETM,0.8041237,[[0. 1.]]
MG,0.82608694,[[6.312768e-05 9.999368e-01]]
DG,0.81463414,[[0. 1.]]
TEL,0.8533835,[[3.4144768e-36 1.0000000e+00]]
FMX,0.806701,[[0. 1.]]
ABX,0.8402062,[[0. 1.]]
V,0.8097166,[[0. 1.]]
NCS,0.7989691,[[0. 1.]]
CLX,0.7886598,[[0. 1.]]
CVE,0.81280786,[[0. 1.]]
TJX,0.7912371,[[0. 1.]]
LGF.B,0.8118557,[[0. 1.]]
WBK,0.7989691,[[6.702080e-06 9.999933e-01]]
CORR,0.7927273,[[8.4227316e-14 1.0000000e+00]]
IVR,0.81860465,[[0. 1.]]
FLO,0.7989691,[[0. 1.]]
NI,0.8041237,[[0. 1.]]
GAB,0.82216495,[[0. 1.]]
CNI,0.8298969,[[0. 1.]]
ROL,0.8118557,[[0. 1.]]
IDA,0.7963917,[[0. 1.]]
MTRN,0.814433,[[9.394855e-04 9.990606e-01]]
ABM,0.7989691,[[0. 1.]]
AEE,0.82216495,[[0. 1.]]
NMT,0.7603093,[[6.212403e-05 9.999379e-01]]
KAI,0.77319586,[[0.2829022 0.7170978]]
LEG,0.8118557,[[0. 1.]]
STAR,0.8170103,[[1.8437989e-22 1.0000000e+00]]
CAI,0.8171642,[[4.0829393e-10 1.0000000e+00]]
EQNR,0.77319586,[[0. 1.]]
APU,0.814433,[[4.3083534e-07 9.9999952e-01]]
AB,0.814433,[[5.3587814e-17 1.0000000e+00]]
AVK,0.82972974,[[6.7993165e-06 9.9999321e-01]]
ITG,0.82474226,[[2.416315e-31 1.000000e+00]]
NUS,0.806701,[[1.003108e-34 1.000000e+00]]
JNJ,0.83247423,[[0. 1.]]
TALO,0.7938144,[[2.0830603e-13 1.0000000e+00]]
TEF,0.7989691,[[0. 1.]]
BWA,0.82216495,[[0. 1.]]
BBD,0.7938144,[[0. 1.]]
OLN,0.82731956,[[0. 1.]]
SCG,0.8402062,[[0. 1.]]
WBS,0.7886598,[[0. 1.]]
TER,0.82216495,[[0. 1.]]
TROX,0.855,[[0. 1.]]
SRT,0.8170103,[[0.39913628 0.60086375]]
ETB,0.815047,[[1.0868803e-18 1.0000000e+00]]
UFI,0.8170103,[[9.0093759e-04 9.9909914e-01]]
OAS,0.82631576,[[0. 1.]]
BXP,0.8505155,[[1.8448432e-05 9.9998152e-01]]
WEA,0.82216495,[[0.03518084 0.9648192 ]]
PCG,0.80927837,[[0. 1.]]
PPL,0.7886598,[[0. 1.]]
AIR,0.8015464,[[5.316352e-31 1.000000e+00]]
RQI,0.8402062,[[2.8486485e-37 1.0000000e+00]]
JEQ,0.8170103,[[0.21643992 0.7835601 ]]
ARNC,0.7989691,[[0. 1.]]
TSI,0.8041237,[[1.282058e-07 9.999999e-01]]
RHI,0.8118557,[[0. 1.]]
DPZ,0.79941005,[[0. 1.]]
KBH,0.7938144,[[0. 1.]]
STZ,0.82474226,[[0. 1.]]
TTC,0.82731956,[[0. 1.]]
AVB,0.82731956,[[0. 1.]]
FSS,0.83762884,[[0. 1.]]
CPK,0.8041237,[[1.6263711e-07 9.9999988e-01]]
NRK,0.8210526,[[4.028041e-37 1.000000e+00]]
ETN,0.8041237,[[0. 1.]]
KRC,0.7912371,[[0. 1.]]
HLX,0.7963917,[[0. 1.]]
EDR,0.84969324,[[0. 1.]]
STN,0.8173077,[[0.00294535 0.9970547 ]]
OA,0.806701,[[0.49727383 0.5027262 ]]
PAI,0.8118557,[[0.0074223  0.99257773]]
X,0.82216495,[[0. 1.]]
ASR,0.7938144,[[0.04547032 0.95452964]]
VAR,0.8530928,[[0. 1.]]
C,0.8118557,[[0. 1.]]
AIV,0.83762884,[[0. 1.]]
AQN,0.8592233,[[2.3889631e-06 9.9999762e-01]]
SXI,0.80927837,[[9.4580602e-05 9.9990547e-01]]
BSBR,0.8405797,[[0. 1.]]
RCI,0.806701,[[0. 1.]]
CVS,0.78608245,[[0. 1.]]
PFD,0.8041237,[[0.00227637 0.99772364]]
ENZ,0.8170103,[[2.270927e-27 1.000000e+00]]
NPK,0.82216495,[[4.570776e-09 1.000000e+00]]
DFS,0.8188679,[[0. 1.]]
LFC,0.81073445,[[0. 1.]]
GDL,0.7781818,[[0.37248203 0.627518  ]]
HPI,0.8062016,[[0.00469192 0.9953081 ]]
PGTI,0.8172414,[[7.893531e-38 1.000000e+00]]
SNY,0.8427835,[[0. 1.]]
CPB,0.82474226,[[0. 1.]]
DL,0.8016878,[[3.1232447e-04 9.9968767e-01]]
BBF,0.8479381,[[2.155453e-09 1.000000e+00]]
SCHW,0.82731956,[[0. 1.]]
TSN,0.7963917,[[0. 1.]]
NXR,0.86082476,[[1.1368846e-08 1.0000000e+00]]
PDM,0.7638191,[[6.91683e-27 1.00000e+00]]
PPT,0.814433,[[0. 1.]]
CX,0.82474226,[[0. 1.]]
LUV,0.82474226,[[0. 1.]]
CALX,0.82653064,[[0. 1.]]
SMG,0.78350514,[[2.0354543e-17 1.0000000e+00]]
ATV,0.8252788,[[5.2701210e-04 9.9947304e-01]]
CACI,0.82216495,[[0.05470072 0.9452992 ]]
PKO,0.8464567,[[8.702739e-10 1.000000e+00]]
CPE,0.82731956,[[0. 1.]]
DNP,0.7938144,[[1.8394655e-21 1.0000000e+00]]
POL,0.8298969,[[0. 1.]]
FCF,0.7989691,[[0. 1.]]
NCV,0.81989247,[[2.1363599e-12 1.0000000e+00]]
SRV,0.81153846,[[0.2859702  0.71402985]]
PGP,0.8201893,[[0. 1.]]
NVR,0.81958765,[[8.6753606e-04 9.9913245e-01]]
ADM,0.8402062,[[0. 1.]]
BDJ,0.7749196,[[0. 1.]]
SO,0.77835053,[[0. 1.]]
PSA,0.82731956,[[0. 1.]]
IFF,0.8041237,[[0. 1.]]
KEM,0.82216495,[[0. 1.]]
ITUB,0.7963917,[[0. 1.]]
SWK,0.82474226,[[2.8590644e-05 9.9997139e-01]]
NGS,0.78851175,[[0.11787286 0.8821272 ]]
KED,0.82042253,[[0.1278773 0.8721227]]
DAL,0.81040895,[[0. 1.]]
VGR,0.814433,[[0. 1.]]
OPY,0.8427835,[[3.6030523e-09 1.0000000e+00]]
BDX,0.82216495,[[7.473234e-11 1.000000e+00]]
CCI,0.8505155,[[0. 1.]]
TXT,0.82474226,[[0. 1.]]
BB,0.8298969,[[2.028946e-36 1.000000e+00]]
WEC,0.8015464,[[0. 1.]]
BTA,0.84563756,[[8.920213e-08 9.999999e-01]]
DLB,0.7962963,[[0. 1.]]
FMO,0.8231707,[[2.5445883e-35 1.0000000e+00]]
CBS,0.806701,[[0. 1.]]
CBU,0.8298969,[[3.5453204e-38 1.0000000e+00]]
MEN,0.86340207,[[0.31137124 0.68862873]]
LSI,0.8041237,[[7.779636e-08 9.999999e-01]]
MD,0.7938144,[[7.064933e-29 1.000000e+00]]
PSO,0.8298969,[[1.6846736e-08 1.0000000e+00]]
RTEC,0.8118557,[[1.1338615e-06 9.9999881e-01]]
IFN,0.8118557,[[0.02935046 0.9706496 ]]
PTR,0.7938144,[[1.9422054e-11 1.0000000e+00]]
CCU,0.8505155,[[0.2928417  0.70715827]]
ETY,0.827957,[[1.4067515e-20 1.0000000e+00]]
ESV,0.8118557,[[0. 1.]]
AGN,0.8015464,[[3.5019068e-22 1.0000000e+00]]
ARW,0.8118557,[[2.2920951e-18 1.0000000e+00]]
ACM,0.8432836,[[0. 1.]]
FC,0.83247423,[[0.06712458 0.93287545]]
NXP,0.8530928,[[0.31291926 0.68708074]]
CXH,0.88659793,[[0.05862669 0.94137335]]
EOT,0.85714287,[[0.11804391 0.8819561 ]]
MUR,0.76804125,[[0. 1.]]
MDT,0.81958765,[[0. 1.]]
CPA,0.7953795,[[0.15116872 0.84883124]]
PRU,0.8041237,[[0. 1.]]
VR,0.8060837,[[0. 1.]]
AAN,0.7963917,[[6.4254935e-05 9.9993575e-01]]
NSH,0.79238755,[[1.5851124e-07 9.9999988e-01]]
HXL,0.82731956,[[0. 1.]]
EGN,0.7963917,[[0. 1.]]
TG,0.8118557,[[5.522248e-06 9.999945e-01]]
WNC,0.82216495,[[0. 1.]]
ISG,0.83495146,[[4.3918197e-07 9.9999952e-01]]
RST,0.83181816,[[1.402251e-20 1.000000e+00]]
BT,0.8041237,[[0. 1.]]
TISI,0.806701,[[1.282371e-07 9.999999e-01]]
SSL,0.806701,[[5.358167e-10 1.000000e+00]]
RJF,0.8685567,[[3.1594021e-07 9.9999964e-01]]
DLX,0.80927837,[[6.142674e-06 9.999938e-01]]
NC,0.82216495,[[0.00278131 0.9972187 ]]
MCK,0.8298969,[[0. 1.]]
MED,0.8390501,[[1.5689991e-18 1.0000000e+00]]
EBF,0.80927837,[[8.570246e-22 1.000000e+00]]
NS,0.814433,[[0. 1.]]
AOD,0.8,[[0. 1.]]
CFR,0.8015464,[[3.9812833e-13 1.0000000e+00]]
G,0.84732825,[[0. 1.]]
EMR,0.81958765,[[0. 1.]]
ETG,0.8148148,[[2.886714e-09 1.000000e+00]]
FOF,0.8035714,[[1.1800824e-08 1.0000000e+00]]
WTM,0.82216495,[[3.5837610e-07 9.9999964e-01]]
AVA,0.83247423,[[1.5553284e-11 1.0000000e+00]]
MET,0.814433,[[0. 1.]]
A,0.81958765,[[0. 1.]]
WTS,0.83247423,[[3.6038152e-24 1.0000000e+00]]
TWO,0.7669903,[[0. 1.]]
TREC,0.836,[[6.7299552e-04 9.9932706e-01]]
PFS,0.7984085,[[0.06902616 0.9309739 ]]
MAIN,0.8217054,[[0. 1.]]
COT,0.82731956,[[0. 1.]]
SM,0.82474226,[[0. 1.]]
SAP,0.78092784,[[0. 1.]]
AYR,0.8292683,[[0. 1.]]
KYN,0.8263473,[[8.529157e-36 1.000000e+00]]
SLF,0.7963917,[[0. 1.]]
TEVA,0.8427835,[[0. 1.]]
SFL,0.829912,[[0. 1.]]
UHS,0.7886598,[[0. 1.]]
CL,0.82474226,[[0. 1.]]
MDC,0.81958765,[[1.9466495e-10 1.0000000e+00]]
TWN,0.8556701,[[9.740405e-16 1.000000e+00]]
BAK,0.78350514,[[0. 1.]]
SNV,0.8041237,[[0. 1.]]
WNS,0.8333333,[[3.5925043e-17 1.0000000e+00]]
CDE,0.814433,[[0. 1.]]
OIA,0.83505154,[[1.13405e-19 1.00000e+00]]
AVX,0.78092784,[[6.410308e-13 1.000000e+00]]
STT,0.814433,[[0. 1.]]
FE,0.80927837,[[0. 1.]]
LCM,0.79384613,[[5.563878e-11 1.000000e+00]]
LEN,0.82731956,[[0. 1.]]
ESS,0.814433,[[0.19769605 0.80230397]]
FRA,0.82633054,[[9.275943e-08 9.999999e-01]]
TCO,0.8118557,[[4.1600853e-18 1.0000000e+00]]
HQL,0.83247423,[[1.5731244e-08 1.0000000e+00]]
LMT,0.83247423,[[0. 1.]]
AEO,0.8170103,[[0. 1.]]
SPGI,0.82216495,[[7.817298e-38 1.000000e+00]]
CAE,0.8170103,[[0. 1.]]
CPG,0.825,[[0. 1.]]
RMD,0.7938144,[[1.8355507e-32 1.0000000e+00]]
TDC,0.7751938,[[0. 1.]]
BSX,0.8170103,[[0. 1.]]
SWM,0.806701,[[4.885571e-04 9.995115e-01]]
DTF,0.8118557,[[5.6948844e-05 9.9994302e-01]]
CS,0.82474226,[[3.4714074e-07 9.9999964e-01]]
MEI,0.83762884,[[0. 1.]]
BK,0.80927837,[[0. 1.]]
BBVA,0.82216495,[[0. 1.]]
DVA,0.8015464,[[0. 1.]]
AXL,0.82474226,[[0. 1.]]
MBI,0.78608245,[[0. 1.]]
SPXC,0.82474226,[[0. 1.]]
TNC,0.8118557,[[1.2368075e-06 9.9999881e-01]]
TEX,0.8170103,[[0. 1.]]
RFI,0.8170103,[[2.6933983e-05 9.9997306e-01]]
DY,0.7912371,[[0. 1.]]
PNM,0.806701,[[0. 1.]]
KMT,0.82216495,[[0. 1.]]
HIG,0.806701,[[0. 1.]]
MUFG,0.8170103,[[6.4305135e-28 1.0000000e+00]]
JLL,0.82474226,[[4.402037e-22 1.000000e+00]]
NIE,0.8058608,[[7.7119475e-05 9.9992287e-01]]
KMX,0.7938144,[[0. 1.]]
LVS,0.781155,[[0. 1.]]
FII,0.83505154,[[1.2776826e-16 1.0000000e+00]]
PHI,0.7938144,[[0. 1.]]
CHE,0.8505155,[[0. 1.]]
AA,0.7912371,[[0. 1.]]
CCL,0.814433,[[0. 1.]]
EVF,0.8479381,[[0.45746994 0.54253   ]]
NMZ,0.8028169,[[9.2724797e-05 9.9990726e-01]]
DHI,0.82731956,[[2.187396e-36 1.000000e+00]]
IDT,0.81958765,[[3.0934412e-22 1.0000000e+00]]
L,0.814433,[[0. 1.]]
INGR,0.7989691,[[0. 1.]]
LCI,0.8453608,[[0. 1.]]
NAC,0.8402062,[[0. 1.]]
FDS,0.80927837,[[1.486718e-17 1.000000e+00]]
CNX,0.83505154,[[0. 1.]]
PAY,0.84326017,[[0. 1.]]
YUM,0.7912371,[[0. 1.]]
CHL,0.8041237,[[0. 1.]]
NEE,0.8041237,[[5.1437756e-14 1.0000000e+00]]
NYT,0.81958765,[[0. 1.]]
DDS,0.80927837,[[0. 1.]]
CMI,0.8118557,[[0. 1.]]
GFF,0.77835053,[[0. 1.]]
FDX,0.83247423,[[0. 1.]]
RES,0.82731956,[[0. 1.]]
COG,0.82216495,[[0. 1.]]
NE,0.8453608,[[0. 1.]]
HFC,0.8170103,[[0. 1.]]
HEP,0.82058823,[[5.323771e-19 1.000000e+00]]
MTX,0.80927837,[[8.521306e-09 1.000000e+00]]
ITT,0.82216495,[[3.7065915e-21 1.0000000e+00]]
KOP,0.8333333,[[2.6691789e-05 9.9997330e-01]]
BMI,0.78092784,[[0.01019573 0.98980427]]
TYG,0.7994269,[[7.1131908e-05 9.9992883e-01]]
NNI,0.8135593,[[5.1550793e-05 9.9994850e-01]]
NTP,0.814433,[[5.8366329e-04 9.9941635e-01]]
F,0.8170103,[[0. 1.]]
FL,0.8170103,[[0. 1.]]
PHT,0.8402062,[[5.1486977e-31 1.0000000e+00]]
BEP,0.835,[[0.19735017 0.8026498 ]]
BAM,0.8015464,[[0. 1.]]
HCHC,0.83,[[6.0132347e-33 1.0000000e+00]]
EIG,0.8218182,[[0.03368473 0.96631527]]
CNS,0.79821956,[[6.3917065e-34 1.0000000e+00]]
MHN,0.8402062,[[6.438005e-05 9.999356e-01]]
NFJ,0.8148148,[[5.550531e-08 1.000000e+00]]
SPR,0.8,[[0. 1.]]
JFR,0.832853,[[4.216938e-16 1.000000e+00]]
UBS,0.80927837,[[0. 1.]]
BG,0.82731956,[[0. 1.]]
AIT,0.8298969,[[1.2710926e-28 1.0000000e+00]]
JPM,0.8118557,[[0. 1.]]
ICE,0.81639344,[[0. 1.]]
MGU,0.8327974,[[0.448698 0.551302]]
CMO,0.814433,[[1.4416951e-27 1.0000000e+00]]
EGHT,0.82731956,[[0. 1.]]
TIF,0.8170103,[[0. 1.]]
RCL,0.8479381,[[0. 1.]]
RWT,0.7938144,[[5.639763e-32 1.000000e+00]]
HAE,0.7989691,[[0. 1.]]
PEG,0.8015464,[[0. 1.]]
REG,0.80927837,[[0. 1.]]
PFN,0.81626505,[[2.0773686e-07 9.9999976e-01]]
SEP,0.80754715,[[0. 1.]]
TLK,0.8041237,[[5.2509222e-33 1.0000000e+00]]
SMFG,0.83923703,[[0. 1.]]
KWR,0.8041237,[[0.01186912 0.9881309 ]]
PBT,0.8118557,[[1.3277092e-07 9.9999988e-01]]
USPH,0.82731956,[[9.19719e-09 1.00000e+00]]
BPL,0.8118557,[[0. 1.]]
VVI,0.814433,[[4.162755e-09 1.000000e+00]]
TECK,0.82758623,[[0. 1.]]
BLW,0.8402204,[[1.19812255e-04 9.99880195e-01]]
VALE,0.82731956,[[0. 1.]]
DRE,0.7912371,[[2.3425724e-07 9.9999976e-01]]
AG,0.825,[[0. 1.]]
CVG,0.806701,[[1.1613713e-29 1.0000000e+00]]
FCFS,0.78092784,[[0. 1.]]
CLH,0.80927837,[[0. 1.]]
TFX,0.8041237,[[0. 1.]]
DEI,0.81560284,[[0. 1.]]
NPV,0.8556701,[[6.845851e-06 9.999932e-01]]
VLY,0.8479381,[[0. 1.]]
BAP,0.81958765,[[2.5895777e-10 1.0000000e+00]]
MCY,0.78608245,[[2.6157887e-10 1.0000000e+00]]
RCS,0.80927837,[[9.7620426e-11 1.0000000e+00]]
VSH,0.8015464,[[0. 1.]]
FHY,0.8108108,[[0.22912934 0.7708706 ]]
BR,0.8302583,[[0. 1.]]
SCS,0.8118557,[[0. 1.]]
LPX,0.8041237,[[0. 1.]]
PUK,0.82731956,[[5.4829034e-20 1.0000000e+00]]
EMF,0.7938144,[[1.1022848e-06 9.9999893e-01]]
LNT,0.7912371,[[0. 1.]]
VIV,0.82731956,[[0. 1.]]
MKL,0.8298969,[[2.6063834e-12 1.0000000e+00]]
LNC,0.7963917,[[0. 1.]]
BAC,0.8402062,[[0. 1.]]
CBRE,0.83040935,[[0. 1.]]
GIM,0.8118557,[[0.02319763 0.9768024 ]]
BCE,0.80927837,[[0. 1.]]
NQP,0.87886596,[[0.00659702 0.993403  ]]
SAR,0.8154982,[[0.05610247 0.94389755]]
CM,0.7938144,[[0.0106944 0.9893056]]
DSU,0.806701,[[1.2152605e-21 1.0000000e+00]]
PBR,0.83247423,[[0. 1.]]
PBI,0.8118557,[[0. 1.]]
PKE,0.82731956,[[0. 1.]]
CAG,0.8041237,[[2.5787133e-26 1.0000000e+00]]
CLI,0.8170103,[[0. 1.]]
RHP,0.81958765,[[0.45623752 0.5437625 ]]
BTI,0.7963917,[[0. 1.]]
BME,0.8074534,[[0.0963646 0.9036354]]
BXC,0.83282673,[[2.2570172e-24 1.0000000e+00]]
AEM,0.78350514,[[6.8715786e-17 1.0000000e+00]]
GOL,0.83284456,[[0. 1.]]
ETE,0.79333335,[[0. 1.]]
RGA,0.806701,[[0. 1.]]
RNR,0.83762884,[[0. 1.]]
BCO,0.81958765,[[0. 1.]]
LDOS,0.84042555,[[0. 1.]]
LEN.B,0.8243243,[[5.307923e-08 1.000000e+00]]
OGE,0.76804125,[[0. 1.]]
BHP,0.7912371,[[0. 1.]]
CIEN,0.7963917,[[0. 1.]]
FFC,0.82712764,[[1.346247e-06 9.999987e-01]]
HRS,0.806701,[[0. 1.]]
PPG,0.8402062,[[0. 1.]]
TAP,0.80927837,[[0. 1.]]
CCE,0.81958765,[[0. 1.]]
NCI,0.8170103,[[0. 1.]]
SRI,0.80927837,[[6.4435085e-19 1.0000000e+00]]
KMB,0.8530928,[[0. 1.]]
EPD,0.8170103,[[0. 1.]]
CNA,0.814433,[[1.2930858e-13 1.0000000e+00]]
MHK,0.8015464,[[0. 1.]]
EXD,0.87830687,[[5.6998505e-07 9.9999940e-01]]
BUD,0.84210527,[[0. 1.]]
IHC,0.77061856,[[1.0760712e-05 9.9998927e-01]]
GWW,0.8298969,[[2.4329924e-07 9.9999976e-01]]
CRR,0.8170103,[[0. 1.]]
RF,0.78608245,[[0. 1.]]
JOE,0.7963917,[[0. 1.]]
PLD,0.8170103,[[0. 1.]]
OC,0.8505338,[[0. 1.]]
IDE,0.8592965,[[1.2676317e-07 9.9999988e-01]]
FCX,0.8170103,[[0. 1.]]
HTY,0.8610039,[[9.300803e-04 9.990700e-01]]
NBL,0.82474226,[[0. 1.]]
TAC,0.80927837,[[0.07553203 0.92446804]]
CNP,0.82474226,[[0. 1.]]
MSB,0.77061856,[[7.3801485e-09 1.0000000e+00]]
FEO,0.83566433,[[4.1749742e-14 1.0000000e+00]]
GD,0.82216495,[[0. 1.]]
NP,0.8242424,[[2.5195516e-06 9.9999750e-01]]
MBT,0.8170103,[[0. 1.]]
NBR,0.8015464,[[0. 1.]]
KT,0.8170103,[[5.453655e-36 1.000000e+00]]
YPF,0.83247423,[[0. 1.]]
UAA,0.80655736,[[0. 1.]]
FN,0.83597887,[[0. 1.]]
CULP,0.8427835,[[7.939978e-08 9.999999e-01]]
UGI,0.8041237,[[0. 1.]]
O,0.83505154,[[0. 1.]]
PML,0.814433,[[4.896341e-10 1.000000e+00]]
RPT,0.82474226,[[0. 1.]]
MCI,0.82474226,[[0.0055575 0.9944425]]
RIG,0.8041237,[[0. 1.]]
FMC,0.8118557,[[1.6348282e-25 1.0000000e+00]]
KO,0.7912371,[[0. 1.]]
ST,0.84263957,[[0. 1.]]
TPL,0.8170103,[[0.0489227 0.9510773]]
HCP,0.7938144,[[0. 1.]]
HEI,0.8479381,[[1.9907119e-14 1.0000000e+00]]
AIN,0.8015464,[[0. 1.]]
EHC,0.82624114,[[0. 1.]]
HDB,0.83505154,[[0. 1.]]
OKE,0.8015464,[[0. 1.]]
TEN,0.7938144,[[0. 1.]]
DLR,0.8012048,[[0. 1.]]
CPL,0.83532935,[[0.00155855 0.9984415 ]]
IGR,0.81948423,[[1.104956e-06 9.999989e-01]]
UNP,0.8505155,[[0. 1.]]
AGC,0.80898875,[[5.0240834e-14 1.0000000e+00]]
NRT,0.8118557,[[9.26521e-12 1.00000e+00]]
AKP,0.78350514,[[0.10413536 0.89586467]]
RRC,0.8118557,[[0. 1.]]
SIX,0.79473686,[[0. 1.]]
BRC,0.8170103,[[0.0272581 0.9727419]]
PPR,0.8298969,[[1.5118903e-07 9.9999988e-01]]
CTS,0.8170103,[[9.3042905e-07 9.9999905e-01]]
RS,0.82474226,[[2.341233e-37 1.000000e+00]]
BZH,0.77061856,[[2.0181771e-14 1.0000000e+00]]
DK,0.8095238,[[0. 1.]]
HPS,0.8114754,[[0.05455455 0.9454455 ]]
TGS,0.8170103,[[5.6256393e-12 1.0000000e+00]]
GGP,0.7614213,[[0. 1.]]
NTC,0.8170103,[[3.5259262e-07 9.9999964e-01]]
SNP,0.806701,[[0. 1.]]
HLF,0.81707317,[[2.2155562e-19 1.0000000e+00]]
SPN,0.7912371,[[0. 1.]]
RLH,0.82216495,[[4.0313296e-07 9.9999964e-01]]
UBA,0.7963917,[[0. 1.]]
GF,0.83505154,[[0.14703007 0.85296994]]
AZN,0.7938144,[[0. 1.]]
HTH,0.81142855,[[2.2726544e-17 1.0000000e+00]]
KRG,0.8219585,[[0. 1.]]
AU,0.8479381,[[0. 1.]]
IBM,0.806701,[[0. 1.]]
MDR,0.8118557,[[0. 1.]]
AKR,0.7886598,[[0. 1.]]
SYK,0.7989691,[[0. 1.]]
JKS,0.859375,[[0. 1.]]
MRO,0.82216495,[[0. 1.]]
MYI,0.83505154,[[5.0389627e-04 9.9949610e-01]]
GVA,0.8298969,[[3.8913448e-04 9.9961084e-01]]
MTOR,0.80927837,[[0. 1.]]
AZZ,0.8170103,[[8.678568e-18 1.000000e+00]]
HPF,0.7973684,[[7.421164e-10 1.000000e+00]]
PX,0.814433,[[0. 1.]]
PZC,0.8115183,[[3.566369e-10 1.000000e+00]]
IAE,0.82656825,[[0.00576006 0.9942399 ]]
WES,0.8353909,[[1.3250519e-06 9.9999869e-01]]
CTB,0.83505154,[[6.820809e-17 1.000000e+00]]
VZ,0.82216495,[[0. 1.]]
ACN,0.82474226,[[2.9392366e-26 1.0000000e+00]]
MTN,0.7912371,[[0. 1.]]
AWP,0.7695167,[[0. 1.]]
MSP,0.8181818,[[0.17420013 0.8257999 ]]
GCV,0.83247423,[[1.1704115e-09 1.0000000e+00]]
HYT,0.8097826,[[0. 1.]]
CNO,0.7972222,[[0. 1.]]
VMC,0.82474226,[[0. 1.]]
TGT,0.81958765,[[0. 1.]]
ES,0.81958765,[[0. 1.]]
WSO,0.7963917,[[7.549657e-10 1.000000e+00]]
TRCO,0.82474226,[[0. 1.]]
GS,0.82731956,[[0. 1.]]
BBL,0.8387978,[[0. 1.]]
EAT,0.8427835,[[0. 1.]]
Y,0.814433,[[4.9558193e-06 9.9999499e-01]]
BDN,0.7912371,[[0. 1.]]
BRS,0.8118557,[[0. 1.]]
ETO,0.8231884,[[0. 1.]]
AGM,0.82474226,[[3.2791925e-07 9.9999964e-01]]
